"TOA5","CR3000_Estac","CR3000","4133","CR3000.Std.10","CPU:Betania_25_03.CR3","5021","Baixa"
"TIMESTAMP","RECORD","batt_volt_Min","PTemp","NRLite_Avg","CM3Up_Avg","CM3Dn_Avg","CG3UpCorr_Avg","CG3DnCorr_Avg","CNR1TC_Avg","CMA11Up_Avg","CMA11Dn_Avg","LI190S_Avg","VW_Avg","HFP01_Avg","STP01_50cm_Avg","STP01_20cm_Avg","STP01_10cm_Avg","STP01_5cm_Avg","STP01_2cm_Avg","CS106_Avg","HMP45C_Temp_Avg","HMP45C_RH_Avg","WindSpeed","WindDirection","TB4_Tot"
"TS","RN","","","W/m2","W/m2","W/m2","W/m2","W/m2","deg_C","W/m2","W/m2","umol/mol","%","W/m2","deg_C","deg_C","deg_C","deg_C","deg_C","hPa","dec_C","%","m/s","Deg","mm"
"","","Min","Smp","Avg","Avg","Avg","Avg","Avg","Avg","Avg","Avg","Avg","Avg","Avg","Avg","Avg","Avg","Avg","Avg","Avg","Avg","Avg","WVc:Averaged_Value","WVc:Averaged_Value","Tot"
"2011-04-04 13:50:00",50715,13.02,33.13,428.1976,601.1539,111.9868,464.3489,517.5563,35.22105,613.5233,117.108,971.2469,0.2977854,16.41928,28.18349,28.50163,29.82321,30.90166,31.78008,1006.373,29.80389,61.42834,1.81643,71.08735,0
"2011-04-04 14:00:00",50716,13.04,32.94,492.4275,688.4625,127.6667,457.5654,522.8624,35.45427,702.0435,132.5073,1108.872,0.2976894,15.03469,28.18207,28.56324,29.8489,30.8576,31.7814,1006.045,29.86929,61.20736,1.854814,76.49702,0
"2011-04-04 14:10:00",50717,13.09,33.23,539.6422,749.7496,141.3173,462.0992,528.8627,36.14334,776.6366,148.6958,1221.209,0.2975129,13.99786,28.18306,28.62362,29.88749,30.88374,31.8012,1005.71,30.09003,61.03567,1.208667,67.37109,0
"2011-04-04 14:20:00",50718,13.08,33.78,639.6698,870.3985,163.8362,460.2076,535.6507,37.33171,892.6396,170.299,1405.644,0.29731,14.4976,28.18388,28.67792,29.92894,30.94208,32.07135,1005.435,30.45261,60.0517,2.077599,85.5321,0
"2011-04-04 14:30:00",50719,13.08,34.12,287.2504,409.1313,72.06461,455.0265,514.7049,36.50917,412.7666,76.67343,653.4736,0.2971523,13.75604,28.18517,28.7265,29.99229,31.09586,32.24378,1005.169,30.26353,60.47703,1.827046,85.83858,0
"2011-04-04 14:40:00",50720,13.07,33.93,242.683,371.3088,67.84964,451.3048,506.774,34.81502,381.6494,72.65692,606.7448,0.2971111,11.03248,28.18417,28.77386,30.05834,31.08782,31.80722,1004.897,29.91813,61.56986,1.149213,62.8562,0
"2011-04-04 14:50:00",50721,13.09,33.7,276.9755,413.3658,77.94256,459.6146,505.7055,34.37511,425.6871,82.76685,678.0192,0.2970883,9.008638,28.18375,28.82034,30.08075,30.96306,31.54949,1004.701,29.93155,61.88627,2.2393,81.42368,0
"2011-04-04 15:00:00",50722,13.08,33.67,329.8321,486.5366,93.08025,450.2452,515.1594,35.1559,488.5915,95.6121,770.5937,0.2970185,8.150093,28.18592,28.86662,30.07797,30.86328,31.51397,1004.562,30.31537,60.34011,1.234637,60.45283,0
"2011-04-04 15:10:00",50723,13.09,33.59,117.7899,194.7701,34.20512,449.1606,495.6141,34.49386,203.7114,38.23157,327.764,0.2969428,8.531893,28.18791,28.90903,30.0686,30.81848,31.30417,1004.433,30.02062,60.62754,1.37298,63.83752,0
"2011-04-04 15:20:00",50724,13.09,33.38,298.4784,449.5727,88.47264,454.7887,507.6759,34.32579,460.7618,92.42126,722.422,0.296873,6.483582,28.1902,28.94426,30.05042,30.69067,31.0822,1004.239,30.1264,60.27093,1.086657,57.42393,0
"2011-04-04 15:30:00",50725,13.08,33.71,451.864,664.7734,133.3095,456.4397,524.1035,36.61798,673.8384,137.1251,1050.731,0.2966457,6.922811,28.19157,28.97986,30.02422,30.64575,31.33088,1004.025,31.05732,57.65476,1.34799,75.13914,0
"2011-04-04 15:40:00",50726,13.09,34.3,389.2109,579.5407,114.0081,452.9096,521.9508,37.72194,589.0164,119.3194,922.3356,0.2964213,8.514736,28.19496,29.00855,30.02674,30.74556,31.57215,1003.945,31.23642,56.28816,1.303237,76.51093,0
"2011-04-04 15:50:00",50727,13.09,34.75,374.3319,577.3374,115.7773,456.2748,523.7288,38.23417,582.129,120.1843,908.2096,0.2962987,8.639122,28.19851,29.03077,30.05649,30.82199,31.5931,1003.79,31.47527,55.31855,1.32153,40.08637,0
"2011-04-04 16:00:00",50728,13.09,34.91,197.7042,324.7108,61.27458,450.6674,506.2117,36.78389,335.1106,67.28838,534.4139,0.2960784,8.616704,28.20142,29.05581,30.08172,30.83277,31.41732,1003.739,30.80576,57.02654,1.65522,75.97525,0
"2011-04-04 16:10:00",50729,13.09,34.78,239.1767,399.8364,83.41906,444.3982,507.1432,36.13042,404.3753,86.36017,634.962,0.2959595,6.932973,28.2059,29.07859,30.0877,30.75135,31.17531,1003.74,30.76959,57.33599,1.52194,82.58485,0
"2011-04-04 16:20:00",50730,13.08,34.77,218.2173,381.0391,80.53882,443.2445,506.381,36.18343,385.3216,83.38966,606.1437,0.2954537,5.388632,28.20783,29.09857,30.0723,30.66238,31.07659,1003.761,30.80737,57.15046,1.39601,79.66159,0
"2011-04-04 16:30:00",50731,13.08,34.77,157.3281,286.5316,60.03874,437.4284,500.5981,36.03628,289.7057,62.52404,467.9123,0.2941673,4.047075,28.21295,29.12382,30.05044,30.57749,30.84506,1003.728,30.66011,57.64382,1.379513,58.49904,0
"2011-04-04 16:40:00",50732,12.9,34.65,149.9493,276.5193,61.49266,437.2133,497.9655,35.64914,276.8015,62.03176,440.8702,0.2937829,2.739091,28.21774,29.13918,30.01448,30.43049,30.50945,1003.75,30.5529,58.32576,1.529453,69.93633,0
"2011-04-04 16:50:00",50733,12.87,34.44,133.2155,246.9633,55.9992,446.4555,494.9262,34.84171,252.6016,56.96024,398.7646,0.2936435,1.5232,28.22146,29.15318,29.95186,30.25787,30.27327,1003.767,30.26844,59.44961,1.730679,76.52055,0
"2011-04-04 17:00:00",50734,13.08,34.13,74.98811,147.5379,29.43305,446.5878,490.2066,33.92411,151.4373,30.94487,245.3157,0.2935203,0.7898378,28.22464,29.16345,29.88138,30.11409,30.13731,1003.767,30.16982,59.68092,1.5631,80.50954,0
"2011-04-04 17:10:00",50735,13.09,33.73,61.70807,140.9192,32.05517,441.771,487.6817,33.31648,145.7752,31.72553,233.7043,0.2934029,0.2298772,28.22858,29.16856,29.81043,30.00608,30.00478,1003.83,30.06447,60.6265,1.15395,88.30351,0
"2011-04-04 17:20:00",50736,12.87,33.45,58.14391,129.6103,30.31725,445.1972,487.7196,33.53885,134.376,28.47146,214.1481,0.2931941,-0.08475532,28.23404,29.16921,29.75125,29.90806,29.90662,1003.889,30.14897,60.99978,0.75999,80.22066,0
"2011-04-04 17:30:00",50737,12.57,33.18,25.18654,71.00694,11.68468,443.6387,482.3078,33.12041,74.03886,11.30769,121.7262,0.293042,-0.1509729,28.23759,29.16471,29.68965,29.82262,29.80065,1003.896,29.92739,61.70537,1.485189,84.42301,0
"2011-04-04 17:40:00",50738,12.52,32.76,5.040515,33.10262,5.738005,454.5369,480.7071,32.10638,35.31267,7.069864,59.00538,0.292947,-1.173982,28.24304,29.16151,29.62916,29.7277,29.6473,1003.865,29.75036,62.70497,0.8396971,73.22036,0
"2011-04-04 17:50:00",50739,12.48,32.32,1.605751,19.195,3.761206,464.9362,480.4674,31.63459,20.12,4.467034,31.25317,0.2928063,-1.851085,28.24702,29.15164,29.57015,29.62713,29.50561,1003.992,29.6767,63.25351,0.92169,338.3692,0
"2011-04-04 18:00:00",50740,12.47,31.9,-12.12226,4.448667,0.1739304,455.4227,476.5296,31.04784,5.350677,0.8306886,11.96391,0.292716,-2.195764,28.25073,29.13998,29.50458,29.51741,29.35449,1004.202,29.29793,65.31442,0.9752629,74.05889,0
"2011-04-04 18:10:00",50741,12.46,31.46,-17.78553,0.4036008,0.06127134,450.6758,473.6909,30.50605,0.8258451,0.2079146,3.973761,0.2926317,-3.166004,28.25723,29.12938,29.44061,29.42111,29.25569,1004.375,29.01007,66.48988,0.9259365,70.71916,0
"2011-04-04 18:20:00",50742,12.46,31.07,-11.99152,0,0.08538429,459.5646,473.8382,30.21361,0,0.06973301,0.4705467,0.2925751,-4.129441,28.26286,29.1156,29.37735,29.32765,29.14871,1004.502,28.91151,67.02573,0.4432873,77.46766,0
"2011-04-04 18:30:00",50743,12.45,30.72,-10.88059,0,0.1106849,460.2739,472.7165,29.95926,0,0.06427086,0.145647,0.2924826,-4.391585,28.26693,29.09613,29.3153,29.25236,29.08376,1004.698,28.62226,69.19769,0.6868168,85.46221,0
"2011-04-04 18:40:00",50744,12.45,30.43,-9.596405,0.004743657,0.4312771,462.931,473.6773,29.92216,0,0.1667838,0.1505497,0.2923968,-4.635463,28.27321,29.08077,29.26052,29.18902,29.03338,1004.907,28.7706,68.38405,0.8359403,80.83992,0
"2011-04-04 18:50:00",50745,12.44,30.19,-12.2963,0,0.3008263,458.287,472.7597,29.82038,0,0.1189017,0.1743576,0.2922956,-5.027705,28.27814,29.06251,29.20922,29.13151,28.96218,1005.136,28.69059,69.99989,0.7521504,69.30296,0
"2011-04-04 19:00:00",50746,12.44,29.96,-18.7471,0,0.4866191,454.4206,471.5841,29.66705,0,0.1558576,0.1673551,0.2921711,-5.188345,28.28342,29.04337,29.1595,29.07047,28.88243,1005.303,28.55921,70.75156,1.101519,65.35744,0
"2011-04-04 19:10:00",50747,12.44,29.72,-18.01802,0,0.3399633,448.3122,469.6691,29.44453,0,0.1070121,0.1568525,0.2920561,-5.546761,28.28924,29.02406,29.11092,29.00255,28.79534,1005.505,28.28564,71.21427,0.9687296,81.50036,0
"2011-04-04 19:20:00",50748,12.42,29.47,-23.10132,0,0.5162688,439.6304,467.4532,29.19375,0,0.1484668,0.1463488,0.2919583,-6.223358,28.29424,29.00369,29.06334,28.94177,28.74277,1005.634,28.11016,71.26275,0.8800405,71.54855,0
"2011-04-04 19:30:00",50749,12.43,29.2,-30.41439,0,0.8732399,428.5603,465.2126,28.95629,0,0.2480904,0.1428493,0.2918437,-6.82852,28.3,28.98265,29.0174,28.88134,28.66513,1005.799,28.03169,72.96146,0.9385135,73.23931,0
"2011-04-04 19:40:00",50750,12.42,28.92,-31.461,0,0.7747994,424.8599,462.6719,28.67167,0,0.2092036,0.1330444,0.2917557,-7.3246,28.30562,28.95992,28.9702,28.81773,28.58051,1005.847,27.75318,75.48006,0.419113,85.34232,0
"2011-04-04 19:50:00",50751,12.42,28.6,-30.38782,0,0.4419588,423.1886,459.6938,28.2765,0,0.08259001,0.1456509,0.2916747,-7.662819,28.31094,28.94248,28.92043,28.75529,28.49898,1005.946,27.17912,78.10812,0.1781962,143.9664,0
"2011-04-04 20:00:00",50752,12.41,28.27,-33.72255,0,1.529468,420.6387,460.3127,28.08834,0,0.4743321,0.1400496,0.2915959,-7.946457,28.31621,28.92189,28.87571,28.69451,28.41888,1006.163,27.13769,78.49785,0.5832639,69.79261,0
"2011-04-04 20:10:00",50753,12.42,28.01,-33.34403,0,1.79908,420.4176,460.2693,28.03369,0,0.607701,0.1617579,0.2915489,-8.279048,28.32239,28.89962,28.83168,28.63707,28.36377,1006.39,27.40231,77.55237,0.533937,69.8735,0
"2011-04-04 20:20:00",50754,12.41,27.8,-32.01244,0,1.598275,421.476,459.9451,27.93986,0,0.546968,0.1554571,0.2914329,-8.530689,28.32657,28.87737,28.7875,28.57927,28.31477,1006.599,27.28934,78.56005,0.5391635,74.88575,0
"2011-04-04 20:30:00",50755,12.41,27.61,-23.03973,0,1.439352,434.3761,461.3554,27.8979,0,0.4685531,0.1498547,0.2913435,-8.689086,28.3318,28.85594,28.74272,28.52745,28.273,1006.674,27.14447,79.57047,0.4645202,72.45798,0
"2011-04-04 20:40:00",50756,12.4,27.49,-16.6441,0.1008065,1.500237,444.7394,464.1241,28.04597,0,0.519331,0.1708629,0.2912655,-8.576743,28.3362,28.8345,28.70403,28.48552,28.2588,1006.889,27.27095,78.65585,0.698904,75.31412,0
"2011-04-04 20:50:00",50757,12.39,27.45,-21.51431,0.1122709,1.382439,438.0369,463.9066,28.181,0,0.4605229,0.1827683,0.2912075,-8.265894,28.34095,28.81132,28.66772,28.45935,28.25122,1007.021,27.39955,78.35189,0.504864,71.34702,0
"2011-04-04 21:00:00",50758,12.38,27.34,-30.286,0,0.8111959,422.1411,458.5464,27.91076,0,0.2413477,0.1421523,0.2911393,-8.040551,28.34535,28.79068,28.63579,28.43201,28.19892,1007.055,27.07603,80.50123,0.02825665,79.21304,0
"2011-04-04 21:10:00",50759,12.39,27.15,-28.09977,0,1.326705,425.7372,458.9847,27.66721,0,0.4062137,0.1204455,0.2910766,-8.294587,28.34986,28.76926,28.60421,28.39081,28.13349,1007.127,26.76264,82.75856,0.3225833,69.75301,0
"2011-04-04 21:20:00",50760,12.38,26.99,-24.28417,0.003162614,1.57419,431.1622,460.2743,27.67296,0,0.5752594,0.1512585,0.2909855,-8.478743,28.35353,28.74624,28.56899,28.35451,28.10539,1007.225,26.90231,81.94449,0.3351604,78.99756,0
"2011-04-04 21:30:00",50761,12.37,26.86,-25.94556,0,1.457961,429.4074,460.0107,27.63657,0,0.5309083,0.1610618,0.290847,-8.393583,28.3574,28.72828,28.53578,28.33199,28.08585,1007.428,26.85389,82.2313,0.3013498,75.95912,0
"2011-04-04 21:40:00",50762,12.37,26.76,-30.73592,0,1.866325,423.4481,459.8977,27.67557,0,0.6186411,0.1449551,0.290742,-8.358294,28.36119,28.7071,28.50218,28.30752,28.05647,1007.461,26.94153,81.13988,0.6845301,80.46351,0
"2011-04-04 21:50:00",50763,12.36,26.69,-31.53658,0,1.86753,422.4163,460.1034,27.76911,0,0.5582287,0.164564,0.2906804,-8.507508,28.36471,28.68692,28.47767,28.27256,28.01479,1007.441,27.0937,79.21629,0.8731806,73.38466,0
"2011-04-04 22:00:00",50764,12.38,26.65,-29.63483,0,1.630733,424.8409,459.9988,27.77777,0,0.4762796,0.1561613,0.2906298,-8.808194,28.36798,28.66759,28.44807,28.2344,27.97653,1007.521,27.09582,78.96662,0.7095201,74.33398,0
"2011-04-04 22:10:00",50765,12.36,26.6,-29.37889,0,1.554428,424.1761,459.7104,27.74577,0,0.449282,0.1540599,0.2905584,-8.988599,28.37115,28.64829,28.41749,28.19872,27.9457,1007.583,27.02518,79.48879,0.6918806,79.09969,0
"2011-04-04 22:20:00",50766,12.37,26.55,-26.78811,0,1.344901,426.9049,459.1519,27.68415,0,0.4001105,0.1421549,0.2904546,-9.084692,28.3743,28.62745,28.39039,28.16839,27.91326,1007.674,26.92883,80.74777,0.4509635,77.83942,0
"2011-04-04 22:30:00",50767,12.37,26.5,-22.44726,0,1.35478,434.1021,460.7523,27.67305,0,0.399788,0.1414541,0.2903581,-9.04612,28.37656,28.60771,28.36697,28.13949,27.8926,1007.686,26.85956,81.51131,0.6825699,85.97754,0
"2011-04-04 22:40:00",50768,12.35,26.46,-21.83347,0,1.216418,435.0886,460.9847,27.68805,0,0.3821132,0.1435553,0.2902667,-8.861902,28.38019,28.58639,28.35182,28.12111,27.88931,1007.766,26.81254,81.63583,0.7122979,68.50574,0
"2011-04-04 22:50:00",50769,12.36,26.43,-20.95341,0,1.13182,435.8142,460.9683,27.65413,0,0.3396925,0.1729669,0.2901286,-8.675579,28.38204,28.56824,28.32862,28.10354,27.86873,1007.854,26.77284,81.83852,0.6110306,66.81496,0
"2011-04-04 23:00:00",50770,12.36,26.41,-21.71965,0,1.13063,435.4123,460.876,27.62269,0,0.3592947,0.1589608,0.2900259,-8.540026,28.38482,28.54926,28.30324,28.08177,27.84852,1007.997,26.73951,82.06561,0.6472902,63.40688,0
"2011-04-04 23:10:00",50771,12.36,26.38,-18.0762,0,1.049591,439.3283,460.8953,27.60046,0,0.3393708,0.1582611,0.2899404,-8.435591,28.38744,28.53376,28.27947,28.05634,27.83023,1008.019,26.67987,82.53305,0.4573343,83.34801,0
"2011-04-04 23:20:00",50772,12.36,26.34,-16.94049,0.002767278,0.8898782,440.3278,460.6922,27.57413,0,0.2699536,0.1379531,0.2898541,-8.249905,28.39084,28.51813,28.2597,28.04012,27.82755,1007.911,26.53888,83.31358,0.4297311,113.6071,0
"2011-04-04 23:30:00",50773,12.35,26.27,-17.7225,0,0.9590647,439.781,460.2372,27.45414,0,0.2738114,0.1393541,0.2897784,-8.007827,28.39267,28.50033,28.23766,28.02774,27.82041,1007.855,26.32414,84.01889,0.0927732,63.68538,0
"2011-04-04 23:40:00",50774,12.35,26.21,-17.00275,0.002767293,1.012435,440.3351,460.1272,27.3905,0,0.3586546,0.1414552,0.289709,-7.791413,28.39405,28.48421,28.22178,28.01529,27.80767,1007.836,26.36904,83.19902,0.1592498,60.1961,0
"2011-04-04 23:50:00",50775,12.35,26.15,-17.21604,0.004348615,1.056316,439.8971,460.0372,27.34769,0,0.4126454,0.1316512,0.2897097,-7.673462,28.39656,28.46889,28.20656,28.00233,27.79449,1007.743,26.4279,82.63493,0.185873,50.63338,0
"2011-04-05 00:00:00",50776,12.35,26.12,-19.41604,0.03953304,1.46628,437.5088,460.1008,27.41827,0,0.5434489,0.1638649,0.2896773,-7.60004,28.39808,28.45381,28.19329,27.99028,27.77384,1007.71,26.65225,81.05853,0.4475346,54.80628,0
"2011-04-05 00:10:00",50777,12.33,26.08,-17.01766,0,0.5645306,438.2596,458.6144,27.28535,0,0.2162864,0.1386545,0.2895437,-7.694047,28.40042,28.44082,28.1781,27.97009,27.75426,1007.589,26.32331,83.71057,0.01568,61.50614,0
"2011-04-05 00:20:00",50778,12.34,26.03,-17.15583,0.1913395,1.469044,440.7751,460.3155,27.31311,0,0.5116311,0.1568618,0.2894193,-7.720724,28.40196,28.42646,28.16292,27.95171,27.73668,1007.542,26.35625,82.88521,0.6273642,63.8918,0
"2011-04-05 00:30:00",50779,12.33,26.05,-17.16307,0.07590348,1.395125,440.2383,460.7037,27.5017,0,0.4695333,0.1561623,0.2893375,-7.785128,28.40307,28.41439,28.14656,27.93671,27.72006,1007.562,26.73016,80.43689,0.6866543,74.93038,0
"2011-04-05 00:40:00",50780,12.33,26.09,-12.25996,0.03439429,1.036175,447.1508,461.443,27.60224,0,0.3364865,0.1547635,0.2893058,-7.908836,28.4038,28.40097,28.13046,27.91641,27.70673,1007.511,26.71923,80.62141,0.7096841,79.52824,0
"2011-04-05 00:50:00",50781,12.31,26.12,-11.92432,0.003953372,0.5052371,446.2969,460.9484,27.55285,0,0.1510487,0.1820736,0.2892131,-7.843991,28.40589,28.39257,28.11582,27.90743,27.71212,1007.336,26.57143,82.12167,0.00049,87.78022,0
"2011-04-05 01:00:00",50782,12.32,26.11,-10.21239,0.0284635,0.5427846,449.0565,461.1526,27.45263,0,0.1513676,0.1498586,0.2891375,-7.490032,28.4071,28.38327,28.09976,27.90074,27.71565,1007.25,26.26439,84.18759,0.1238065,106.5973,0
"2011-04-05 01:10:00",50783,12.31,26.09,-6.287426,0.08064742,0.5613679,454.641,462.1866,27.45904,0.0009339387,0.2150008,0.140055,0.2888798,-7.129734,28.4074,28.376,28.09025,27.89766,27.72416,1007.209,26.30377,84.38616,0.4790561,88.20477,0
"2011-04-05 01:20:00",50784,12.32,26.11,-44.36886,0.3095405,1.980986,454.7448,461.4448,27.42563,0.002490464,0.3901488,0.1673649,0.288533,-6.908385,28.40814,28.36398,28.081,27.89759,27.72728,1007.126,26.55537,80.81532,1.173386,82.22834,0
"2011-04-05 01:30:00",50785,12.31,26.05,-47.72917,0,3.318385,449.386,459.6334,26.77058,0,0.7247015,0.143556,0.2884618,-7.16504,28.40779,28.34871,28.06837,27.89008,27.71193,1007.132,26.3603,83.2498,0.6664,75.35864,0
"2011-04-05 01:40:00",50786,12.31,25.97,-52.3565,0,3.454786,450.1015,459.0169,26.54032,0,0.7401302,0.1414558,0.2883921,-7.333129,28.4086,28.33761,28.05898,27.8767,27.6844,1007.184,26.2351,83.92613,0.93051,74.05526,0
"2011-04-05 01:50:00",50787,12.31,25.88,-44.62574,0,3.531477,452.3027,458.2361,26.30692,0,0.7799804,0.1351532,0.2883452,-7.511484,28.4086,28.32651,28.04465,27.85684,27.65286,1007.089,26.01665,85.26562,0.8589696,65.32104,0.2
"2011-04-05 02:00:00",50788,12.3,25.76,-40.5657,0,3.532279,451.1311,456.6876,26.04706,0,0.9159253,0.1323525,0.2883939,-7.740601,28.40885,28.31521,28.03098,27.82972,27.61395,1007.044,25.77737,86.89745,1.07065,79.53777,0
"2011-04-05 02:10:00",50789,12.3,25.62,-36.4344,0,3.393924,450.7184,456.3709,25.93801,0,0.9348896,0.1379552,0.2883147,-8.026982,28.40901,28.30167,28.01476,27.80172,27.57803,1007.026,25.6119,88.05784,0.9935562,77.6056,0
"2011-04-05 02:20:00",50790,12.3,25.5,-40.473,0.0790669,3.235398,450.5942,456.3058,25.92922,0,0.8111594,0.1358543,0.288225,-8.277887,28.40837,28.28873,27.99464,27.77766,27.55068,1006.931,25.52075,88.37051,1.235615,81.83555,0
"2011-04-05 02:30:00",50791,12.29,25.42,-23.03366,0.3403839,2.972529,449.8687,456.2904,25.93699,0,0.731464,0.1547634,0.2881321,-8.509575,28.40794,28.27612,27.97747,27.75673,27.53569,1006.827,25.47051,88.65952,1.182534,88.2584,0
"2011-04-05 02:40:00",50792,12.29,25.37,-15.59397,0.509982,2.919153,447.4063,456.0602,25.91833,0.000311315,0.6745784,0.1428582,0.2880536,-8.607628,28.40837,28.26473,27.96062,27.74082,27.52532,1006.754,25.43826,88.79676,0.978367,80.42309,0
"2011-04-05 02:50:00",50793,12.28,25.33,-18.60906,0.1336234,2.547147,443.0631,455.45,25.88392,0,0.6533683,0.1449594,0.2879625,-8.664687,28.40785,28.25383,27.94419,27.72425,27.50426,1006.813,25.42862,88.97065,0.4238501,93.39644,0
"2011-04-05 03:00:00",50794,12.28,25.28,-16.04774,0.3245694,2.468473,441.5155,455.2216,25.84073,0,0.6395484,0.1547632,0.2877556,-8.562383,28.40774,28.24106,27.9298,27.70664,27.48533,1006.749,25.31965,89.1489,0.4013106,88.29555,0
"2011-04-05 03:10:00",50795,12.27,25.24,-10.69157,0.2874109,1.543796,447.1773,455.7899,25.83017,0,0.4962164,0.1568653,0.2875731,-8.445165,28.40693,28.22767,27.91482,27.69217,27.48086,1006.737,25.24681,89.86633,0.1069832,163.0889,0
"2011-04-05 03:20:00",50796,12.27,25.2,-25.248,0.08262578,2.020962,449.0615,456.3252,25.80997,0,0.5347807,0.132355,0.2874795,-8.097321,28.40642,28.21852,27.90209,27.68567,27.48492,1006.731,25.04256,90.56316,0.6678699,96.60847,0
"2011-04-05 03:30:00",50797,12.28,25.13,-30.87674,0,2.994285,445.9836,455.3037,25.72323,0,0.9008361,0.1393576,0.2874069,-7.900886,28.4062,28.20597,27.89169,27.67968,27.48313,1006.645,25.2498,88.57133,0.2814233,85.49038,0
"2011-04-05 03:40:00",50798,12.27,25.05,-25.09314,0,1.858088,440.3565,453.9322,25.62443,0,0.628947,0.1379573,0.2873369,-7.955465,28.4051,28.19555,27.88067,27.66956,27.4736,1006.599,25.11726,89.45264,0.03364666,213.385,0
"2011-04-05 03:50:00",50799,12.27,24.97,-18.00021,0,2.043506,446.8998,454.8501,25.56499,0,0.6180214,0.134456,0.2872582,-7.941277,28.40493,28.18598,27.87191,27.6608,27.45483,1006.731,24.85295,90.36816,0.04720332,249.4689,0
"2011-04-05 04:00:00",50800,12.27,24.93,-33.33373,0,2.66816,445.1151,455.3936,25.61618,0,0.8108572,0.1253531,0.2871889,-7.821262,28.40378,28.17663,27.85977,27.65021,27.44961,1006.71,24.96949,89.54044,0.5050266,73.31514,0
"2011-04-05 04:10:00",50801,12.26,24.92,-42.65784,0.1446946,3.413372,444.8268,455.4323,25.73117,0,0.8934519,0.14216,0.287095,-7.832404,28.40301,28.16845,27.84973,27.64338,27.42826,1006.692,25.35174,86.50097,0.7562332,76.7815,0
"2011-04-05 04:20:00",50802,12.26,24.95,-37.10753,0.9796546,3.148891,446.2283,455.613,25.80031,0,0.8089279,0.1379583,0.2870036,-8.079584,28.40299,28.15885,27.83868,27.62245,27.40727,1006.634,25.47576,85.80645,0.716544,73.8549,0
"2011-04-05 04:30:00",50803,12.26,24.97,-23.77805,1.257574,2.966626,444.0003,455.5378,25.84563,0,0.7199011,0.1414592,0.2869376,-8.200677,28.40187,28.14951,27.82391,27.60615,27.40127,1006.726,25.40654,86.47317,0.8854295,90.41352,0
"2011-04-05 04:40:00",50804,12.25,24.97,-41.55465,0.406801,2.864617,445.8921,455.253,25.83251,0,0.6961157,0.1330552,0.2868524,-8.236843,28.40071,28.13818,27.80971,27.59235,27.38834,1006.84,25.35578,87.04055,0.8151965,88.7684,0
"2011-04-05 04:50:00",50805,12.25,24.92,-35.59309,0,3.144944,450.2121,454.7036,25.64597,0,0.8654936,0.162469,0.2868075,-8.325512,28.40077,28.13047,27.79874,27.58247,27.3727,1006.991,25.27905,87.6589,0.8274469,91.25016,0.4
"2011-04-05 05:00:00",50806,12.25,24.85,-31.9971,0,3.128333,449.7704,454.0612,25.48996,0,0.9725132,0.1155488,0.286851,-8.432265,28.39876,28.11702,27.78523,27.56666,27.34824,1007.114,25.05476,88.89428,1.123079,76.90468,0
"2011-04-05 05:10:00",50807,12.23,24.77,-34.22108,0,3.065095,447.8929,453.1277,25.39203,0,0.9930872,0.1484635,0.2867959,-8.667415,28.39761,28.10481,27.77035,27.5431,27.31484,1007.139,24.94,89.45854,0.9897997,74.21175,0
"2011-04-05 05:20:00",50808,12.24,24.69,-26.70514,0.002767379,2.610055,447.7442,452.8104,25.34973,0,0.9014918,0.1561668,0.2867074,-8.993114,28.39677,28.09702,27.75541,27.51675,27.27661,1007.252,24.86691,90.20457,0.7944536,79.28483,0.2
"2011-04-05 05:30:00",50809,12.23,24.64,-31.06951,0.3558092,2.817612,446.6848,453.2741,25.38651,0,0.8497488,0.1470631,0.2865915,-9.196777,28.39554,28.08805,27.73664,27.49224,27.25093,1007.333,24.84628,90.31055,1.175673,81.71946,0
"2011-04-05 05:40:00",50810,12.23,24.59,-26.28689,0.6270141,2.85319,438.6743,452.6829,25.3715,0,0.8111816,0.1477631,0.2865223,-9.329354,28.39385,28.07595,27.72003,27.47085,27.22708,1007.181,24.84467,90.0941,1.205889,79.39174,0
"2011-04-05 05:50:00",50811,12.21,24.55,-20.3191,0.6554778,2.855558,431.0382,452.1296,25.33513,0,0.7983249,0.2731167,0.2864639,-9.590285,28.3931,28.06466,27.7038,27.44882,27.20084,1007.239,24.83276,89.98356,1.239699,89.60458,0
"2011-04-05 06:00:00",50812,12.22,24.53,-19.93489,1.538675,2.889169,431.3144,452.0546,25.3074,0.4000478,0.8227522,1.460124,0.2864317,-9.870316,28.3917,28.05355,27.68301,27.43067,27.18415,1007.418,24.80986,90.00991,1.146273,80.61973,0
"2011-04-05 06:10:00",50813,12.2,24.51,-16.70009,4.706173,3.422889,429.9772,452.1433,25.30865,3.51078,1.426321,6.087718,0.2863756,-10.04022,28.39006,28.04642,27.66714,27.41075,27.16845,1007.585,24.81618,90.0908,1.170773,80.52506,0
"2011-04-05 06:20:00",50814,12.22,24.51,-6.931315,11.79546,4.531818,437.1624,453.1482,25.36198,10.5591,2.722152,15.95774,0.2862981,-10.02404,28.38876,28.03198,27.65261,27.39709,27.15746,1007.759,24.82664,89.98472,1.032755,84.22478,0
"2011-04-05 06:30:00",50815,12.22,24.53,-0.7698963,21.36125,6.233791,437.3805,453.929,25.42302,20.07284,4.290537,30.94915,0.2862199,-9.779028,28.38688,28.02029,27.63965,27.38667,27.17021,1007.869,24.85385,89.60985,1.054153,83.63683,0
"2011-04-05 06:40:00",50816,12.22,24.57,4.493368,26.73708,6.977022,439.8219,455.067,25.50078,25.45773,5.149597,40.60482,0.2861554,-9.445148,28.38615,28.00964,27.63041,27.38583,27.19399,1008.027,24.90268,89.30949,0.6717905,80.06583,0
"2011-04-05 06:50:00",50817,12.23,24.61,6.319553,27.34707,6.681692,441.638,456.2498,25.6028,26.59435,5.317035,43.49983,0.2860978,-8.849567,28.38489,27.99949,27.62018,27.39438,27.22288,1008.199,24.95397,89.73823,0.1634964,124.2863,0
"2011-04-05 07:00:00",50818,12.24,24.67,21.21735,48.99376,10.8767,442.3279,457.7637,25.75204,47.78577,9.147024,77.36504,0.2860098,-8.033633,28.38233,27.98697,27.61517,27.4064,27.26367,1008.311,24.97781,89.47411,0.6485975,73.33079,0
"2011-04-05 07:10:00",50819,12.24,24.75,16.50096,42.70853,9.868863,442.9903,458.1769,25.98626,40.51286,7.798719,66.67705,0.2859366,-7.282189,28.38263,27.97966,27.61755,27.42826,27.30652,1008.449,25.23019,87.62617,0.9334504,77.24942,0
"2011-04-05 07:20:00",50820,12.24,24.84,18.62406,44.88617,9.872445,443.4553,459.004,26.16356,43.7239,8.292064,72.5975,0.285866,-6.838363,28.38038,27.96911,27.62029,27.44344,27.32266,1008.601,25.35464,87.40417,0.4971868,75.95014,0
"2011-04-05 07:30:00",50821,12.27,24.93,34.10202,66.53642,13.59612,443.9169,460.534,26.38585,65.11606,12.07281,107.1085,0.2857889,-6.422354,28.38026,27.96231,27.62185,27.45911,27.35358,1008.634,25.41276,86.40712,0.6283436,68.10234,0
"2011-04-05 07:40:00",50822,12.33,25.05,47.56171,85.13995,16.95122,444.2972,461.1876,26.66828,85.05932,15.95371,138.951,0.2857101,-5.901321,28.37896,27.95846,27.62644,27.47621,27.38359,1008.749,25.52392,85.50539,1.3034,75.81835,0
"2011-04-05 07:50:00",50823,12.45,25.21,77.08601,126.0241,23.82597,444.652,463.4466,27.06071,127.5853,23.88431,206.7775,0.2856351,-5.538467,28.37708,27.94939,27.63154,27.4952,27.42223,1008.838,25.5984,84.8937,1.163914,73.99466,0
"2011-04-05 08:00:00",50824,12.68,25.45,120.5214,190.469,34.98709,444.9942,468.526,27.70189,192.8321,35.77349,310.4466,0.2855005,-4.834271,28.37595,27.9424,27.64202,27.52713,27.53296,1008.837,25.84044,83.80537,1.278409,61.44237,0
"2011-04-05 08:10:00",50825,12.79,25.72,113.6782,173.937,31.67393,446.034,466.9175,28.05256,176.7155,32.83324,285.9469,0.2853551,-3.295404,28.37537,27.942,27.65721,27.58399,27.62711,1008.887,25.87681,83.15365,1.80271,72.2629,0
"2011-04-05 08:20:00",50826,12.81,25.97,164.7879,242.3716,45.23247,446.9212,470.4454,28.38088,249.6894,47.61197,401.8943,0.2852133,-2.505556,28.37294,27.93714,27.67869,27.63122,27.68546,1008.959,25.9502,82.95226,1.44893,70.87595,0
"2011-04-05 08:30:00",50827,13,26.36,258.153,380.1384,71.27645,447.402,477.4315,29.26234,389.0652,74.70536,617.5566,0.2850798,-1.346946,28.37172,27.93524,27.70627,27.69539,27.86151,1009.066,26.22897,81.62892,1.999364,74.93558,0
"2011-04-05 08:40:00",50828,12.98,26.77,207.7229,313.5008,57.48211,439.5568,476.7421,29.66725,320.5656,60.25341,508.3555,0.2849493,1.072581,28.37013,27.9361,27.73923,27.7941,28.02654,1009.105,26.42746,80.33461,1.849586,65.32646,0
"2011-04-05 08:50:00",50829,13.02,27.15,251.571,373.5328,69.38612,439.7067,480.1859,30.12233,383.8817,73.25144,607.2297,0.2848568,2.393378,28.36854,27.93519,27.78351,27.8767,28.10545,1009.208,26.63114,79.36434,1.889114,73.49186,0
"2011-04-05 09:00:00",50830,13.06,27.46,230.4393,342.6287,63.81766,439.9159,477.6958,30.0403,352.4819,67.3549,556.492,0.2847317,3.573877,28.36703,27.93938,27.82652,27.95483,28.2189,1009.314,26.53753,79.66395,2.382869,80.67161,0
"2011-04-05 09:10:00",50831,13.09,27.78,403.6864,585.4509,114.8711,449.7293,487.1917,30.58142,610.1215,122.2297,948.6705,0.2846269,4.099834,28.36423,27.94625,27.87185,28.03235,28.34611,1009.417,26.7257,79.34634,2.667234,77.50405,0
"2011-04-05 09:20:00",50832,13.09,28.43,488.2792,689.105,133.7889,457.1344,500.3282,32.3987,709.7559,141.9803,1098.587,0.2844274,6.772484,28.36366,27.95725,27.92408,28.16416,28.69796,1009.505,27.39474,77.20815,2.25547,77.64685,0
"2011-04-05 09:30:00",50833,13.09,29.09,448.395,642.2761,121.4349,458.4496,501.0527,33.02023,660.5779,130.437,1028.752,0.2839897,11.44545,28.36213,27.96874,28.00266,28.35698,29.01796,1009.501,27.542,76.12357,2.141627,72.82898,0
"2011-04-05 09:40:00",50834,13.08,29.44,271.9986,388.4969,70.74031,459.2207,491.692,32.24498,397.5335,76.54786,632.085,0.2837976,14.13722,28.36117,27.97601,28.09523,28.52014,29.1257,1009.558,27.36418,76.78646,1.774944,80.13918,0
"2011-04-05 09:50:00",50835,13.1,29.46,185.2685,270.8255,47.87698,453.439,484.9381,31.36112,277.8337,52.29981,441.2035,0.2836984,13.38461,28.35896,27.99338,28.17367,28.60477,29.08581,1009.593,27.28758,76.8988,1.804999,70.80425,0
"2011-04-05 10:00:00",50836,13.09,29.37,226.0404,335.8773,61.09745,450.1178,486.89,30.96455,344.696,65.3905,548.2704,0.2836366,11.08767,28.35715,28.01065,28.23595,28.62332,28.99625,1009.568,27.26611,76.5608,1.992012,77.99061,0
"2011-04-05 10:10:00",50837,13.09,29.44,465.8671,654.6655,123.8756,453.8159,501.5785,31.6857,673.581,131.6641,1051.585,0.2834818,9.135938,28.35541,28.03711,28.28783,28.64273,29.12419,1009.583,27.58507,75.20388,2.08495,87.32538,0
"2011-04-05 10:20:00",50838,13.09,30.02,604.4734,836.9959,155.728,456.246,519.8657,33.92961,858.9638,166.5127,1333.739,0.2831608,10.22083,28.35504,28.07206,28.34166,28.79827,29.724,1009.596,28.4231,72.6337,1.622879,83.36501,0
"2011-04-05 10:30:00",50839,13.08,30.56,305.7974,438.8907,79.61604,464.3002,505.1396,34.24888,448.7722,85.86842,710.5027,0.2828651,13.04986,28.35224,28.09877,28.42555,29.06866,30.0059,1009.586,28.54794,71.99736,1.292128,74.04641,0
"2011-04-05 10:40:00",50840,13.09,30.8,296.4934,436.9102,81.99746,467.6961,501.3724,33.48811,451.9037,88.6532,718.5736,0.2827447,12.16483,28.35148,28.12356,28.52997,29.20436,29.94419,1009.437,28.51127,71.53261,1.50626,86.26429,0
"2011-04-05 10:50:00",50841,13.08,31.11,441.8895,622.3389,116.0266,467.699,514.0275,34.29727,635.4135,122.965,996.9425,0.2825703,11.42161,28.34994,28.15243,28.61856,29.28703,30.1324,1009.362,29.07758,67.69106,1.71892,77.62598,0
"2011-04-05 11:00:00",50842,13.08,31.41,261.7149,381.2529,71.21076,468.7363,502.6701,34.18329,396.1219,77.287,629.3524,0.2823912,12.09607,28.34883,28.1819,28.70151,29.39595,30.12052,1009.222,29.07568,67.10127,1.159503,70.26746,0
"2011-04-05 11:10:00",50843,13.08,31.63,326.8777,462.233,85.07935,469.876,509.0713,34.31426,469.6145,90.31415,748.2971,0.2822431,11.30826,28.34715,28.22071,28.77183,29.43603,30.15152,1009.094,29.28439,66.24512,1.293273,74.33533,0
"2011-04-05 11:20:00",50844,13.08,31.73,249.6489,356.7242,66.44468,469.2753,501.087,33.87512,369.2503,72.09348,594.2316,0.282098,10.88347,28.34638,28.25821,28.83388,29.47835,30.06993,1009.104,29.13017,66.39619,1.202298,56.22733,0
"2011-04-05 11:30:00",50845,13.08,31.82,269.1407,380.2642,70.39951,470.5223,503.8761,34.1091,387.7012,74.86761,626.5856,0.2819431,10.09716,28.34506,28.29695,28.87915,29.4841,30.09246,1009.127,29.33527,65.46281,1.516877,78.64951,0
"2011-04-05 11:40:00",50846,13.09,31.94,469.0705,648.2604,119.66,474.0536,519.8215,34.62104,665.252,127.5101,1055.609,0.2817883,10.10928,28.34203,28.32836,28.91881,29.52343,30.26673,1009.033,29.65322,64.86381,1.27792,80.5799,0
"2011-04-05 11:50:00",50847,13.08,32.2,431.4166,600.9102,109.9435,474.494,516.9708,35.07006,614.323,117.0411,980.3505,0.2815482,12.03888,28.34225,28.35693,28.97266,29.65477,30.48903,1008.888,29.82816,63.08859,1.825087,74.88412,0
"2011-04-05 12:00:00",50848,13.09,32.28,52.97645,221.8083,41.44548,469.9352,493.1611,33.49022,225.5227,42.51895,371.6969,0.2813777,12.69704,28.34059,28.38635,29.04021,29.76163,30.45799,1008.825,29.51247,64.29291,2.21333,83.82066,0
"2011-04-05 12:10:00",50849,13.08,31.49,128.7235,400.7005,85.23476,468.4294,485.2531,29.17685,409.9713,80.16114,636.5741,0.2814824,9.641424,28.33792,28.41463,29.08624,29.71106,30.1563,1008.703,28.29046,73.217,1.548889,107.9266,0
"2011-04-05 12:20:00",50850,13.08,30.92,127.0015,380.664,79.79356,470.4916,488.7002,29.58492,384.2423,74.82151,593.0676,0.281541,9.036432,28.3365,28.45188,29.11285,29.69521,30.29659,1008.541,28.19294,74.97198,0.8238534,127.2831,0.2
"2011-04-05 12:30:00",50851,13.08,30.63,93.93041,554.6448,109.4554,470.1815,497.7076,30.10935,557.6251,105.486,863.2977,0.2815453,9.532257,28.33641,28.4878,29.14498,29.75035,30.43563,1008.381,28.33978,75.97766,0.8782431,137.0786,0
"2011-04-05 12:40:00",50852,13.08,30.75,57.31926,362.0827,74.77637,466.1079,490.9356,30.49823,365.4789,69.37428,583.5707,0.281455,11.12,28.33461,28.52147,29.19513,29.85035,30.55422,1008.146,28.80229,72.01028,1.083391,82.01367,0
"2011-04-05 12:50:00",50853,13.08,30.78,307.2778,632.6334,122.2824,463.8028,502.4674,30.97096,634.4416,118.1855,996.9658,0.2813906,11.1467,28.33451,28.54964,29.24479,29.90431,30.65552,1007.894,28.75586,72.11973,1.36759,65.1767,0
"2011-04-05 13:00:00",50854,13.08,30.98,244.9702,391.9495,74.42688,463.2089,495.7626,32.17667,401.1837,75.6496,653.5679,0.2813111,12.37334,28.3336,28.58164,29.29834,30.0028,30.7476,1007.73,28.98045,70.77345,1.098907,75.81593,0
"2011-04-05 13:10:00",50855,13.08,31.12,375.0762,591.8291,110.3849,463.7833,498.8992,32.5559,604.5748,114.2311,975.2269,0.2812716,11.5779,28.33465,28.61242,29.35312,30.03605,30.66725,1007.555,28.94761,67.56641,2.07613,71.60967,0
"2011-04-05 13:20:00",50856,13.09,31.51,468.5148,629.5742,115.4303,469.9808,510.7803,34.46347,635.2888,118.9781,1008.551,0.2811255,11.71857,28.3359,28.64579,29.39771,30.0785,30.90502,1007.263,29.52493,66.12196,1.540723,57.61127,0
"2011-04-05 13:30:00",50857,13.08,31.56,-28.55452,143.0546,25.99689,466.9161,481.4873,32.49821,151.241,28.5185,254.2908,0.2810331,12.28245,28.3358,28.67361,29.44283,30.1532,30.70674,1007.219,28.82201,70.65694,1.624513,101.8958,0
"2011-04-05 13:40:00",50858,13.04,30.87,75.60003,346.4911,70.56409,461.8283,480.5494,29.20672,357.1573,69.41463,563.0306,0.2810594,8.800149,28.33514,28.70214,29.46591,30.05132,30.38213,1007.219,27.43827,79.79488,1.885846,99.44127,0
"2011-04-05 13:50:00",50859,13.06,30.48,357.802,614.3343,120.3198,455.0614,498.882,30.78033,626.9669,120.2483,1003.546,0.2809777,7.538967,28.33515,28.73406,29.47234,29.98744,30.52147,1006.909,27.92069,77.77487,1.522266,109.5454,0
"2011-04-05 14:00:00",50860,13.08,30.7,486.6714,693.4871,131.4433,448.3577,506.7828,32.90095,710.5643,135.3934,1128.055,0.2808235,8.830273,28.33615,28.76521,29.48697,30.0728,30.84498,1006.712,28.50045,72.86183,1.605893,104.4984,0
"2011-04-05 14:10:00",50861,13.08,31.25,420.9536,587.8062,108.9486,461.8509,507.4178,34.27883,592.0826,112.6384,940.3082,0.2806197,9.318834,28.33794,28.79222,29.53827,30.24496,31.20841,1006.615,28.9076,71.0938,1.947587,113.5518,0
"2011-04-05 14:20:00",50862,13.05,31.48,255.8175,389.905,71.26662,439.6222,496.0605,33.28558,397.0392,74.60143,638.5622,0.2805127,8.432412,28.33854,28.82958,29.62817,30.3503,30.89697,1001.594,28.68499,72.22293,1.20934,103.582,0
"2011-04-05 14:30:00",50863,13.03,31.58,395.6369,582.949,111.7106,441.6955,502.7039,33.29065,597.2856,115.9093,949.6823,0.2804968,7.680936,28.34019,28.84463,29.65355,30.31596,30.87961,1006.299,28.80543,70.2677,2.317537,93.81776,0
"2011-04-05 14:40:00",50864,13.03,31.87,465.7721,680.8065,130.73,444.3524,513.4213,34.28793,688.3391,134.1406,1084.766,0.2803919,6.315617,28.34265,28.87407,29.68105,30.33797,31.11226,1006.054,29.37532,67.81599,2.231135,101.3143,0
"2011-04-05 14:50:00",50865,13.06,32.1,259.7705,394.067,72.59138,440.5663,501.7048,34.29125,397.9855,76.34471,633.8908,0.2802992,6.062754,28.34519,28.90075,29.72098,30.42556,31.16227,1005.775,29.29045,68.63452,1.755832,116.2503,0
"2011-04-05 15:00:00",50866,13.06,32.1,296.5487,464.2671,90.00538,443.3006,503.7532,33.75291,476.2894,94.74284,752.2859,0.2802158,5.864086,28.34849,28.93065,29.76557,30.43485,31.00094,1005.565,29.31824,69.40263,1.262893,107.2952,0
"2011-04-05 15:10:00",50867,13.04,32.46,357.1261,545.8128,105.5912,443.3056,515.7081,35.54915,549.4222,109.1689,864.4385,0.2801062,6.586322,28.35018,28.95965,29.79459,30.45315,31.25564,1005.487,30.16137,66.19688,1.21275,161.8114,0
"2011-04-05 15:20:00",50868,13.06,32.65,295.004,460.1723,90.26746,441.9666,505.5231,34.9893,472.0347,95.72381,743.1122,0.2800197,7.924273,28.35198,28.9863,29.83131,30.53745,31.21749,1005.387,29.6517,65.8979,1.3475,112.3947,0
"2011-04-05 15:30:00",50869,13.08,32.96,393.9567,603.258,121.7284,442.4668,514.2843,35.8131,610.9556,125.5889,952.4724,0.2799267,7.567514,28.35621,29.01328,29.87418,30.56505,31.29374,1005.171,30.15027,63.73435,1.808753,112.585,0
"2011-04-05 15:40:00",50870,13.01,33.14,163.2628,275.765,50.01766,436.976,498.1249,35.28501,281.2959,54.64816,451.1911,0.2798313,6.820788,28.35922,29.03774,29.90724,30.6017,31.2263,1004.951,29.80876,64.27084,1.344233,153.4054,0
"2011-04-05 15:50:00",50871,13.07,33.04,222.5563,367.2599,74.38816,440.1167,500.3386,34.65102,376.4603,78.10313,595.0027,0.2797587,5.391479,28.36177,29.06492,29.93002,30.55219,30.99756,1004.788,29.73651,65.04843,1.178939,131.9352,0
"2011-04-05 16:00:00",50872,13.09,33.13,212.5521,351.4797,70.34494,444.735,501.9557,35.05803,356.2056,73.26881,562.5699,0.2796417,4.786627,28.36566,29.09261,29.92964,30.48242,30.91316,1004.675,30.20662,63.06831,1.576493,119.2051,0
"2011-04-05 16:10:00",50873,13.06,33.12,194.3156,325.7948,65.6714,444.7972,500.7801,34.7258,333.4815,69.20013,529.7463,0.2795283,4.43287,28.36938,29.11756,29.91892,30.4205,30.78716,1004.627,30.03373,63.74207,1.136637,132.9422,0
"2011-04-05 16:20:00",50874,13.07,33.17,200.46,325.8593,66.89648,451.3712,502.2267,34.95993,330.3899,69.38533,523.0002,0.2793909,4.362738,28.37231,29.13897,29.9032,30.37036,30.74446,1004.613,30.40226,62.26922,1.44207,92.17471,0
"2011-04-05 16:30:00",50875,13.06,33.09,119.1399,204.5835,39.14339,447.5821,492.3331,33.79251,209.8834,41.54661,339.834,0.2792452,3.507028,28.37789,29.15674,29.88444,30.31624,30.54881,1004.571,30.21878,61.30891,2.943264,84.98241,0
"2011-04-05 16:40:00",50876,13.09,32.95,221.802,377.6887,86.73663,451.8533,500.4924,33.92569,381.6929,86.61055,594.9554,0.2791075,1.82631,28.37956,29.16891,29.85094,30.19317,30.31862,1004.496,30.37428,61.43352,1.923413,91.91181,0
"2011-04-05 16:50:00",50877,13.07,33.12,171.7521,287.7973,65.03989,454.6284,499.7478,34.89077,289.5685,64.53556,455.8652,0.2789164,1.864277,28.38359,29.17957,29.81068,30.09627,30.27019,1004.59,30.64662,60.38096,2.235216,94.70737,0
"2011-04-05 17:00:00",50878,13.09,32.99,54.57241,107.6936,19.29935,450.3961,486.9311,33.30398,111.768,22.0516,182.6767,0.2787923,1.445831,28.3867,29.18536,29.76298,30.01313,30.05627,1004.755,30.09686,59.62708,2.092463,104.3241,0
"2011-04-05 17:10:00",50879,12.85,32.56,31.50569,79.4127,14.43619,445.9314,482.9794,32.15118,82.89613,16.4751,136.6699,0.2787192,-0.07364657,28.39088,29.1878,29.71203,29.89786,29.89821,1004.75,29.31081,68.86076,0.9123793,134.0095,0
"2011-04-05 17:20:00",50880,12.54,32.08,16.11173,54.00175,10.15935,450.5342,480.9244,31.40009,56.47737,11.43986,92.9096,0.2786357,-0.3854349,28.39332,29.18866,29.66068,29.80001,29.79045,1004.765,28.81303,74.60071,0.5332835,131.0192,0
"2011-04-05 17:30:00",50881,12.45,31.63,-2.346243,31.13131,5.443186,444.1032,477.7594,30.92741,33.05008,6.394159,56.04561,0.2785833,-0.468661,28.39686,29.1878,29.60592,29.71462,29.6844,1004.882,28.7286,75.26713,0.2652531,151.8996,0
"2011-04-05 17:40:00",50882,12.41,31.19,-12.77676,20.53808,3.792881,437.0287,473.7869,30.42224,21.89335,4.279424,38.31039,0.2785203,-0.7364594,28.40084,29.18283,29.55413,29.63164,29.5591,1004.951,28.54854,75.59993,0.3400603,152.1765,0
"2011-04-05 17:50:00",50883,12.37,30.77,-18.74534,9.52989,2.00338,437.0043,471.3389,29.95789,10.26471,2.163023,19.53623,0.2784486,-1.316492,28.40462,29.17496,29.50265,29.54467,29.43025,1005.049,28.32108,75.05582,0.6492499,154.9934,0
"2011-04-05 18:00:00",50884,12.42,30.33,-24.65402,3.107885,0.7530556,433.1748,468.0604,29.41357,3.724914,0.8792312,9.322198,0.2783788,-2.19551,28.40867,29.16544,29.4488,29.45218,29.29619,1005.27,28.01053,76.61643,0.6255675,128.6985,0
"2011-04-05 18:10:00",50885,12.37,29.91,-29.25461,0.1122668,0.3605185,429.2749,466.0157,28.92465,0.2197722,0.2490516,2.871656,0.2783006,-3.386522,28.4125,29.15354,29.39133,29.35892,29.17523,1005.436,27.67375,78.80004,0.7720768,149.9056,0
"2011-04-05 18:20:00",50886,12.36,29.5,-32.30044,0,0.6000739,425.4569,464.4557,28.52447,0,0.2018122,0.4558512,0.2782361,-4.548788,28.41755,29.14153,29.33628,29.27506,29.07701,1005.611,27.41158,79.77483,1.016749,150.7315,0
"2011-04-05 18:30:00",50887,12.36,29.11,-33.06929,0,0.7759907,423.1398,462.3706,28.20732,0,0.2320215,0.1309446,0.2781845,-5.525822,28.42058,29.12571,29.27474,29.19171,28.9769,1005.692,27.20654,80.85999,0.4975131,147.0628,0
"2011-04-05 18:40:00",50888,12.36,28.75,-32.84901,0,1.089879,422.0066,461.6252,27.95834,0,0.3518928,0.1526539,0.2781265,-6.27112,28.42615,29.10947,29.22348,29.1101,28.87535,1005.754,27.03589,81.63063,0.4222165,169.496,0
"2011-04-05 18:50:00",50889,12.4,28.43,-33.20302,0,1.285168,420.9868,461.1456,27.78057,0,0.4370553,0.1386494,0.2780545,-6.781351,28.43033,29.09475,29.166,29.03203,28.78421,1005.813,26.9549,82.13082,0.6247504,146.9104,0
"2011-04-05 19:00:00",50890,12.39,28.14,-34.40056,0,1.446859,419.2622,460.7376,27.66281,0,0.4476628,0.1575568,0.2779962,-7.249158,28.43428,29.07519,29.10982,28.96158,28.70899,1005.795,26.85014,82.30958,0.7706069,137.1547,0
"2011-04-05 19:10:00",50891,12.39,27.87,-34.42671,0,1.431471,417.9786,459.2522,27.49254,0,0.4544208,0.1505575,0.2779296,-7.71568,28.44015,29.05736,29.0569,28.89491,28.63061,1005.871,26.69776,82.45727,0.4375697,145.5031,0
"2011-04-05 19:20:00",50892,12.38,27.63,-34.06657,0,1.727548,417.6293,459.0126,27.40981,0,0.5463268,0.1589587,0.2778673,-8.12224,28.44404,29.03575,29.00744,28.83167,28.56489,1005.951,26.709,81.25699,0.4842838,128.5783,0
"2011-04-05 19:30:00",50893,12.33,27.4,-33.25034,0,1.680915,417.4262,457.5129,27.23112,0,0.5742908,0.1435543,0.2778079,-8.497038,28.44681,29.01329,28.95719,28.76826,28.48636,1006.052,26.62962,81.54328,0.1827697,118.4541,0
"2011-04-05 19:40:00",50894,12.33,27.18,-32.53653,0,1.844581,417.4455,457.2737,27.14369,0,0.6035361,0.1533581,0.2777312,-8.814604,28.4521,28.9917,28.90919,28.70142,28.42716,1006.294,26.57038,81.95825,0.278647,163.6571,0
"2011-04-05 19:50:00",50895,12.35,26.98,-31.64895,0,1.791614,417.2421,456.2097,27.02897,0,0.6093231,0.1351518,0.2776675,-9.058497,28.45496,28.96997,28.86086,28.63864,28.343,1006.469,26.51569,82.59212,0.1499396,124.2595,0
"2011-04-05 20:00:00",50896,12.33,26.77,-32.10271,0,1.607786,416.3416,455.2506,26.84714,0,0.545048,0.1659634,0.2776003,-9.341355,28.46079,28.94785,28.81612,28.58332,28.27664,1006.593,26.24783,84.37226,0.1406297,184.4204,0
"2011-04-05 20:10:00",50897,12.37,26.57,-31.08658,0,1.965173,416.9475,455.47,26.70036,0,0.6559261,0.1435558,0.2775423,-9.672977,28.46385,28.92587,28.77031,28.52741,28.2217,1006.836,26.16463,85.47211,0.05994328,171.1586,0
"2011-04-05 20:20:00",50898,12.36,26.41,-31.88929,0.0003953338,2.267634,417.4486,456.163,26.68274,0,0.7909157,0.1393563,0.2774739,-9.855392,28.46796,28.90163,28.72775,28.47844,28.17872,1007.048,26.26891,85.05535,0.2409162,190.4577,0
"2011-04-05 20:30:00",50899,12.32,26.27,-30.94869,0,1.933157,417.5453,454.4871,26.60803,0,0.6941716,0.1645645,0.2774077,-9.846219,28.47205,28.87742,28.68373,28.44689,28.12735,1007.259,26.18101,85.52457,0.02205,157.53,0
"2011-04-05 20:40:00",50900,12.37,26.12,-30.90669,0,1.9988,417.9922,454.1872,26.49653,0,0.7423847,0.1337537,0.2773254,-10.0413,28.47502,28.85705,28.63968,28.39509,28.05947,1007.473,26.09105,86.19429,0.01176,203.1577,0
"2011-04-05 20:50:00",50901,12.32,25.98,-28.79712,0.04427709,2.382268,421.1153,455.5926,26.50914,0,0.8336549,0.1666666,0.2772471,-10.27005,28.47805,28.83429,28.60096,28.34339,28.02152,1007.711,26.04559,86.37511,0.0699066,69.92307,0
"2011-04-05 21:00:00",50902,12.31,25.88,-26.99803,0.1684132,2.524222,424.902,456.7242,26.63003,0,0.9393993,0.1694697,0.277168,-10.13853,28.48178,28.81145,28.56627,28.3062,28.01122,1007.953,26.20403,85.62064,0.3668465,63.94186,0
"2011-04-05 21:10:00",50903,12.3,25.86,-24.2557,0.2838507,2.379917,430.0665,458.2912,26.89044,0,0.8526233,0.1491608,0.2770983,-9.894411,28.48533,28.78671,28.53125,28.28069,27.99834,1008.236,26.48768,84.35894,0.4246668,64.79353,0
"2011-04-05 21:20:00",50904,12.34,25.87,-19.03527,0.09764829,1.746993,436.1887,458.9146,27.0263,0,0.6562625,0.1736715,0.2770143,-9.585079,28.48878,28.76602,28.50334,28.25884,27.99376,1008.405,26.56859,83.96543,0.04606001,57.61682,0
"2011-04-05 21:30:00",50905,12.3,25.88,-9.250899,0.3293136,1.216442,449.6316,461.0452,27.05286,0.001245259,0.4499319,0.1701689,0.2768791,-9.132041,28.49165,28.74212,28.48106,28.24001,28.00126,1008.533,26.30671,85.46593,0.005063334,237.5538,0
"2011-04-05 21:40:00",50906,12.3,25.91,-9.161757,0.3676599,1.110491,451.1075,461.7387,27.16434,0.004981034,0.4688925,0.2023814,0.2767393,-8.426704,28.4947,28.71919,28.46579,28.23506,28.02595,1008.663,26.26875,86.30208,0.05847329,142.9458,0
"2011-04-05 21:50:00",50907,12.3,25.94,-9.420001,0.1842237,1.089926,451.3693,462.1887,27.2196,0.001245247,0.4055781,0.1855736,0.2766743,-7.799069,28.49733,28.69641,28.44711,28.23527,28.04774,1008.874,26.22013,86.75903,0.008493335,143.091,0
"2011-04-05 22:00:00",50908,12.32,25.97,-8.03498,0.2455008,1.013235,453.5704,462.9807,27.29783,0.002490501,0.4001159,0.1932772,0.2766042,-7.285701,28.50004,28.6777,28.43206,28.23824,28.05535,1009.003,26.29975,86.16779,0,0,0
"2011-04-05 22:10:00",50909,12.3,26.01,-10.43132,0.2225713,1.000582,450.6357,462.9676,27.36662,0.01120724,0.4229327,0.168767,0.276536,-6.791797,28.50222,28.65955,28.41736,28.23552,28.06108,1008.958,26.42046,85.6058,0.06320997,181.5764,0
"2011-04-05 22:20:00",50910,12.28,26.01,-17.28981,0,0.7946237,439.5577,460.2213,27.25417,0,0.2779946,0.1568641,0.2764759,-6.515226,28.50357,28.64044,28.40175,28.22764,28.03963,1008.848,26.26217,86.38643,0.05847329,220.7643,0
"2011-04-05 22:30:00",50911,12.29,26,-8.094954,0.1209718,0.9899127,453.6711,462.6285,27.26633,0.0009339402,0.4161857,0.1554624,0.2764173,-6.592955,28.50554,28.62311,28.38913,28.21234,28.02018,1008.883,26.26264,86.29143,0.01388334,119.1657,0
"2011-04-05 22:40:00",50912,12.33,26.02,-8.126533,0.1996424,0.9796324,453.7131,463.1157,27.35053,0.008405427,0.4550717,0.1498599,0.2763491,-6.43047,28.50801,28.60928,28.37407,28.19869,28.02477,1009.005,26.38678,85.52736,0.07676663,175.0815,0
"2011-04-05 22:50:00",50913,12.28,26.03,-8.892978,0.06404334,0.8337497,452.7261,462.8987,27.39537,0.001245244,0.3776172,0.1561615,0.2762862,-6.192354,28.50975,28.59401,28.36149,28.19393,28.02476,1009.106,26.36366,85.50481,0.1388333,90.54389,0
"2011-04-05 23:00:00",50914,12.28,26.08,-4.734976,0.3229819,0.6914269,456.5018,461.4916,27.52027,0.017122,0.2850591,0.1841717,0.2761829,-6.124547,28.51146,28.58276,28.34849,28.18331,28.0067,1009.176,26.46811,82.78781,1.204908,71.56732,0
"2011-04-05 23:10:00",50915,12.27,26.08,-35.95005,0.001976664,0.8539162,454.6874,457.4665,27.07551,0,0.1603676,0.1547618,0.2762601,-6.915192,28.51315,28.56865,28.33486,28.16285,27.94551,1009.205,25.866,83.97102,1.30634,57.51789,1.4
"2011-04-05 23:20:00",50916,12.32,25.86,-18.13721,0.0003953274,0.670083,452.5388,453.7794,25.82436,0.0009339301,0.9994789,0.1232483,0.2851465,-16.14429,28.51492,28.55501,28.30635,28.03213,27.40353,1009.278,25.04539,90.49944,1.099886,68.08425,6
"2011-04-05 23:30:00",50917,12.26,25.62,-21.13918,0.003162653,0.6068334,452.3269,455.1423,25.72917,0.0009339298,1.045442,0.1141454,0.2859186,-21.04879,28.51677,28.53874,28.22337,27.82717,27.36763,1009.15,24.94303,92.07653,1.164729,76.53896,0.6
"2011-04-05 23:40:00",50918,12.26,25.43,-18.1128,0.002372018,0.6337234,452.121,454.8589,25.69326,0,1.030671,0.1274522,0.2867756,-17.15032,28.51843,28.51993,28.14473,27.74923,27.39825,1009.024,24.92363,92.12331,0.757867,69.4828,0.2
"2011-04-05 23:50:00",50919,12.26,25.27,-19.0012,0.0003953349,0.6922336,451.5874,454.6512,25.62346,0,0.9304006,0.1407579,0.2874327,-14.72262,28.51888,28.50627,28.08458,27.71488,27.412,1008.938,24.83976,92.48436,0.3923268,86.86565,0
"2011-04-06 00:00:00",50920,12.26,25.16,-13.66445,0.001976704,0.8116333,451.6162,455.225,25.61246,0.0009339553,0.8812378,0.1617681,0.2879309,-12.99603,28.51951,28.48426,28.04214,27.70087,27.43733,1009.012,24.83772,92.69783,0.1143332,156.2384,0
"2011-04-06 00:10:00",50921,12.25,25.09,-13.98247,0.003558023,0.6942118,451.7597,455.1175,25.63457,0.00217922,0.6215536,0.1673689,0.2883903,-11.61343,28.52037,28.46405,28.01563,27.69939,27.45615,1008.944,24.8001,93.0611,0.208903,209.3921,0
"2011-04-06 00:20:00",50922,12.28,25.03,-11.35553,0.007511468,0.6333336,451.8141,455.5395,25.63103,0.0003113197,0.5023238,0.1596669,0.2887035,-10.52096,28.51961,28.43383,27.99598,27.69855,27.47148,1008.769,24.71896,93.57295,0.02237666,211.4146,0
"2011-04-06 00:30:00",50923,12.25,24.99,-12.55479,0.06602116,0.6772115,452.1975,455.6557,25.70618,0.005915001,0.4598979,0.1659683,0.2889582,-9.716549,28.52193,28.41043,27.9821,27.70429,27.49362,1008.725,24.82428,93.83189,0,0,0
"2011-04-06 00:40:00",50924,12.32,24.95,-17.54147,0.002372022,0.6040745,451.7597,454.4153,25.67407,0,0.4136191,0.1610664,0.289,-9.093123,28.52094,28.38393,27.96922,27.71085,27.49912,1008.558,24.74357,93.93386,0,0,0
"2011-04-06 00:50:00",50925,12.29,24.89,-20.87948,0,0.7543018,450.789,453.374,25.5993,0,0.4367581,0.138657,0.2891059,-8.75968,28.52053,28.36184,27.96003,27.70645,27.4825,1008.369,24.70929,94.13797,0,0,0
"2011-04-06 01:00:00",50926,12.29,24.82,-19.4472,0.0003953365,0.7902791,448.6147,452.811,25.53329,0,0.4801458,0.1589657,0.2890655,-8.723061,28.52118,28.34308,27.94763,27.69644,27.46122,1008.27,24.66041,94.23853,0,0,0
"2011-04-06 01:10:00",50927,12.26,24.76,-17.08215,0.002372044,0.6554747,445.2523,453.1342,25.52208,0,0.3856625,0.1463617,0.2891488,-8.795651,28.52152,28.3266,27.93503,27.68174,27.44798,1008.372,24.60539,94.37028,0.1453663,218.8295,0
"2011-04-06 01:20:00",50928,12.24,24.74,-18.94407,0.005534748,1.214085,441.6766,454.1561,25.61735,0.0003113192,0.6318406,0.1778741,0.2892368,-8.762561,28.52121,28.31433,27.92027,27.67016,27.43674,1008.218,24.72834,94.52315,0.3408768,252.1552,0
"2011-04-06 01:30:00",50929,12.23,24.72,-18.34451,0.001581367,1.261531,441.0077,454.2307,25.6427,0,0.7513988,0.1617682,0.2892717,-8.555152,28.52113,28.30202,27.9096,27.65752,27.41641,1008.13,24.77157,94.29436,0.2518599,264.5818,0
"2011-04-06 01:40:00",50930,12.22,24.71,-20.36224,0.001186027,1.407806,438.0612,454.3493,25.67101,0,0.8372078,0.1652694,0.28932,-8.347215,28.52116,28.28688,27.89687,27.64153,27.38615,1007.932,24.8588,94.11052,0.3238902,268.4968,0
"2011-04-06 01:50:00",50931,12.22,24.69,-21.7199,0,1.539459,436.028,453.8195,25.66262,0,0.8777049,0.1575667,0.28932,-8.25283,28.52058,28.27309,27.87963,27.61902,27.36889,1007.888,24.93691,93.78403,0.05095999,257.9319,0
"2011-04-06 02:00:00",50932,12.27,24.66,-19.8179,0,1.079289,435.094,453.0935,25.62724,0,0.7118752,0.148464,0.2893269,-8.347873,28.51996,28.26019,27.86608,27.60452,27.35923,1007.782,24.89811,93.62974,0,0,0
"2011-04-06 02:10:00",50933,12.27,24.63,-20.39261,0,0.9282653,434.7361,452.9712,25.59377,0,0.5267539,0.1554665,0.2892419,-8.483962,28.51901,28.24826,27.85158,27.59213,27.35306,1007.711,24.8091,93.95775,0,0,0
"2011-04-06 02:20:00",50934,12.26,24.61,-20.86995,0.001186025,1.281698,434.4261,453.5036,25.64446,0,0.6787679,0.1596677,0.2892117,-8.567208,28.51858,28.23395,27.83969,27.58133,27.34092,1007.634,24.86757,94.10332,0.125603,267.112,0
"2011-04-06 02:30:00",50935,12.26,24.61,-11.45765,0.02965065,1.222396,444.5949,454.8633,25.70418,0.002179249,0.6961229,0.1694722,0.2891142,-8.54517,28.51713,28.22013,27.82507,27.56937,27.33739,1007.697,24.91081,93.8569,0.04573328,249.1992,0
"2011-04-06 02:40:00",50936,12.25,24.62,-15.97309,0.009883559,0.715571,439.692,454.7334,25.73583,0.0009339619,0.4528349,0.154066,0.2890811,-8.321989,28.51605,28.20622,27.81436,27.56627,27.35425,1007.708,24.9357,93.93366,0,0,0
"2011-04-06 02:50:00",50937,12.25,24.62,-19.01648,0.001186036,0.7116176,436.0504,453.6056,25.71143,0,0.4039839,0.1484636,0.2890495,-8.096505,28.51567,28.19334,27.80572,27.56641,27.35139,1007.776,24.89176,94.05356,0.0008166666,110.1426,0
"2011-04-06 03:00:00",50938,12.25,24.61,-20.2046,0.002767403,0.8373348,435.2316,453.8131,25.73522,0,0.5084337,0.1512644,0.2889877,-8.084959,28.51275,28.17962,27.79628,27.55936,27.33291,1007.785,24.93255,94.21249,0.08770983,95.2253,0
"2011-04-06 03:10:00",50939,12.24,24.6,-22.52169,0,1.189589,431.3876,453.6691,25.72988,0,0.885102,0.149164,0.2889509,-8.192588,28.51246,28.16861,27.78842,27.54762,27.31939,1007.656,24.9534,94.06252,0.3304233,71.28098,0
"2011-04-06 03:20:00",50940,12.23,24.59,-23.9316,0,0.7946351,428.3783,452.3452,25.66607,0,0.5090751,0.1624687,0.2888972,-8.346245,28.51035,28.15873,27.77574,27.53294,27.29373,1007.754,24.83713,94.04619,0.1631698,233.8775,0
"2011-04-06 03:30:00",50941,12.19,24.56,-20.4559,0.0007906819,1.007724,433.375,452.7762,25.644,0,0.5633894,0.1540651,0.2888506,-8.53566,28.50923,28.14719,27.76513,27.51556,27.26499,1007.802,24.84958,94.24263,0.007513334,291.2741,0
"2011-04-06 03:40:00",50942,12.18,24.56,-11.67595,0.05692917,0.8820087,444.1736,454.3988,25.70381,0.003735837,0.5425009,0.1547659,0.2887743,-8.643398,28.50826,28.13885,27.75297,27.49936,27.25359,1007.813,24.86772,94.26959,0.1476531,231.249,0
"2011-04-06 03:50:00",50943,12.23,24.6,-7.734027,0.08697541,0.9069145,450.2517,456.5973,25.85233,0.01681131,0.5842808,0.1659707,0.2883511,-8.454071,28.50546,28.12731,27.73793,27.48939,27.2753,1007.952,24.95107,94.32064,0.04736665,145.1176,0
"2011-04-06 04:00:00",50944,12.18,24.65,-10.69751,0.009488192,1.049233,446.912,456.6534,25.8959,0.00342452,0.7144394,0.1624684,0.2878409,-7.952645,28.50378,28.11533,27.72806,27.49413,27.29822,1007.945,24.99669,94.25121,0.03642333,115.563,0
"2011-04-06 04:10:00",50945,12.18,24.67,-12.39345,0,1.313316,446.3018,456.4133,25.85937,0.0003113214,0.9014825,0.174373,0.2877302,-7.570838,28.50205,28.10671,27.72396,27.49617,27.30285,1007.987,25.00086,93.98885,0.1257664,187.9319,0
"2011-04-06 04:20:00",50946,12.16,24.69,-11.94465,0.002372043,1.221603,448.3308,455.9517,25.82815,0.0003113195,0.7877161,0.1638692,0.2876289,-7.387466,28.49984,28.09561,27.71662,27.49759,27.29673,1008.066,25.01321,93.69323,0.3833431,194.7668,0
"2011-04-06 04:30:00",50947,12.16,24.68,-16.46584,0.0007906763,1.560408,446.1528,454.4911,25.65193,0,1.01622,0.1491628,0.2875622,-7.278779,28.49714,28.08441,27.71021,27.4879,27.27228,1007.999,24.84701,93.03028,0.6606835,204.6986,0
"2011-04-06 04:40:00",50948,12.2,24.63,-17.40103,0,1.345746,449.3263,453.3264,25.4971,0,0.9140247,0.1407601,0.2876522,-7.270757,28.49688,28.0763,27.70337,27.47527,27.24354,1008.075,24.79228,92.85981,0.1505931,172.6263,0.2
"2011-04-06 04:50:00",50949,12.15,24.58,-19.35448,0,1.204997,448.5591,453.1592,25.44384,0,0.762004,0.156866,0.287614,-7.498146,28.49489,28.06478,27.6931,27.4594,27.22513,1008.105,24.73389,93.02364,0.2779934,194.8587,0.2
"2011-04-06 05:00:00",50950,12.15,24.54,-12.06138,0.007116128,1.144513,449.7922,453.7434,25.43356,0.0006226375,0.7491509,0.1526647,0.2875738,-7.664612,28.49354,28.06122,27.68401,27.44829,27.2097,1008.114,24.71442,93.11884,0.1442232,168.4807,0
"2011-04-06 05:10:00",50951,12.19,24.52,-14.48661,0.01106954,1.157161,449.2905,454.0934,25.48451,0.0006226389,0.7366149,0.1645693,0.2875397,-7.72988,28.49,28.04903,27.66946,27.43277,27.21033,1008.071,24.76589,93.24012,0.06549659,159.4647,0
"2011-04-06 05:20:00",50952,12.15,24.53,-9.967272,0.1265098,1.042916,450.4861,454.9664,25.55824,0.01525476,0.6373119,0.1694727,0.2874831,-7.671819,28.48758,28.03917,27.66158,27.4292,27.21083,1008.084,24.81239,93.39678,0.1166198,179.4311,0
"2011-04-06 05:30:00",50953,12.14,24.54,-22.47785,0.02727876,1.295943,444.0227,453.7844,25.58463,0.004047189,0.6858455,0.1547673,0.2874413,-7.536209,28.48433,28.03199,27.65104,27.4186,27.19962,1008.166,24.84344,93.45741,0.3237267,168.8829,0
"2011-04-06 05:40:00",50954,12.16,24.52,-26.76046,0,1.664377,437.4558,452.6436,25.51465,0,0.7690719,0.1589663,0.2873713,-7.577693,28.48299,28.02379,27.64474,27.41031,27.17431,1008.234,24.81506,93.36347,0.3833433,171.2414,0
"2011-04-06 05:50:00",50955,12.14,24.51,-14.73957,0.3170621,1.593612,445.1769,453.9612,25.54271,0.04140536,0.7822491,0.2829182,0.2872843,-7.901161,28.4798,28.01398,27.63197,27.39038,27.14448,1008.348,24.85259,93.17429,0.3421833,171.06,0
"2011-04-06 06:00:00",50956,12.13,24.52,-11.48555,1.554494,1.703934,448.632,454.7516,25.58019,0.9156,0.8793191,1.331975,0.2871392,-7.945452,28.47803,28.00668,27.62129,27.37634,27.14154,1008.381,24.86929,92.97025,0.5394898,207.0963,0
"2011-04-06 06:10:00",50957,12.17,24.53,-11.27929,3.854177,2.208374,448.7796,455.1251,25.61606,3.475885,1.341785,5.174484,0.2870874,-7.75476,28.47476,27.9974,27.61146,27.36558,27.1388,1008.442,24.91952,92.67458,0.3611304,194.0663,0
"2011-04-06 06:20:00",50958,12.13,24.57,-6.743888,6.390709,2.402495,448.4805,456.0958,25.66894,6.182214,1.655785,9.486945,0.2870058,-7.496827,28.47217,27.98803,27.60059,27.36013,27.1479,1008.612,24.94661,92.61184,0.1130267,157.1021,0
"2011-04-06 06:30:00",50959,12.11,24.6,1.2514,9.804393,3.041734,449.3427,456.5217,25.70301,9.554037,2.179624,15.09478,0.2869637,-7.21397,28.4697,27.9785,27.59265,27.36247,27.17308,1008.663,24.9646,92.43449,0.2681934,194.2529,0
"2011-04-06 06:40:00",50960,12.12,24.65,4.24113,16.35039,3.921359,448.9838,456.9704,25.75294,16.32986,3.16402,25.62645,0.2869184,-6.86545,28.46785,27.97349,27.58941,27.3722,27.1937,1008.748,25.01363,92.3739,0.2616596,124.5458,0
"2011-04-06 06:50:00",50961,12.18,24.71,9.690666,34.98733,7.531651,439.7468,457.7607,25.80316,35.15928,6.470789,54.87317,0.2868466,-6.55918,28.46478,27.96387,27.5902,27.38257,27.23224,1008.853,25.01426,92.22655,0.4645199,117.5676,0
"2011-04-06 07:00:00",50962,12.16,24.78,20.10799,46.98225,9.820733,442.4968,459.0487,25.91038,47.4542,8.872234,74.53722,0.2867807,-6.251051,28.4618,27.95441,27.58883,27.40763,27.28411,1008.95,25.10364,91.63686,0.3621103,139.8512,0
"2011-04-06 07:10:00",50963,12.21,24.88,30.34899,66.53369,13.38502,438.5178,461.047,26.10603,67.35043,12.57835,106.4965,0.286719,-5.703878,28.46019,27.95192,27.59701,27.43136,27.34455,1009.083,25.25313,91.2913,0.2229496,144.1754,0
"2011-04-06 07:20:00",50964,12.3,25,48.41074,83.99686,16.62518,447.0496,462.3548,26.27568,84.09579,15.71471,132.8629,0.2866651,-4.824595,28.45816,27.94722,27.6091,27.46968,27.42077,1009.236,25.33061,90.89593,0.7510067,136.4319,0
"2011-04-06 07:30:00",50965,12.32,25.14,61.56688,104.3043,20.93028,447.8005,463.4041,26.4404,106.0595,20.24223,165.945,0.2865831,-3.90667,28.45692,27.94236,27.62251,27.51437,27.50957,1009.32,25.40023,90.27071,0.602537,142.9788,0
"2011-04-06 07:40:00",50966,12.51,25.38,87.36335,158.5512,32.3563,434.6936,467.4948,26.93417,162.1758,31.6288,253.016,0.2865335,-2.954495,28.45261,27.93817,27.64196,27.56442,27.6023,1009.215,25.64324,89.65529,0.5425936,142.0646,0
"2011-04-06 07:50:00",50967,12.68,25.67,86.24506,162.6221,32.2843,428.2392,469.3625,27.34515,166.5126,32.02887,261.9464,0.2864955,-1.57924,28.4519,27.93823,27.66777,27.62515,27.69195,1009.247,25.91845,88.54656,0.2824031,155.6299,0
"2011-04-06 08:00:00",50968,12.76,25.97,106.5368,182.4165,35.60709,438.278,472.71,27.82034,186.1408,35.82912,293.7235,0.2864339,-0.1551318,28.44773,27.93458,27.6947,27.68221,27.79233,1009.419,26.1751,87.5968,0.2443462,123.3347,0
"2011-04-06 08:10:00",50969,12.78,26.29,149.0029,233.7617,45.82182,449.8628,475.436,28.30997,240.3681,47.30199,380.5809,0.2863249,1.366454,28.4488,27.93925,27.7297,27.75772,27.9265,1009.722,26.37107,86.38715,0.9136871,108.5966,0
"2011-04-06 08:20:00",50970,12.9,26.72,258.2215,383.879,74.7795,449.6174,482.9326,29.4902,396.7751,79.37686,623.471,0.2862141,3.01314,28.44704,27.94436,27.76847,27.84891,28.12521,1009.938,26.61918,84.77151,1.075713,121.2798,0
"2011-04-06 08:30:00",50971,13,27.34,332.2855,477.3957,92.29313,452.7137,490.972,31.02598,493.8608,98.41066,772.2606,0.2860724,5.607982,28.4451,27.94795,27.82509,27.98345,28.40156,1010.225,27.03321,82.72823,0.8918002,133.7987,0
"2011-04-06 08:40:00",50972,12.98,27.99,232.159,344.6105,62.7965,449.1176,488.6176,31.84631,355.5431,68.50509,559.6342,0.2858939,8.98772,28.44363,27.95302,27.88966,28.14763,28.6328,1010.335,27.25386,81.38828,0.7173609,132.956,0
"2011-04-06 08:50:00",50973,13.01,28.46,257.7308,381.6082,70.63141,443.8495,489.7282,32.09309,394.5222,77.11162,618.1863,0.2857039,11.03459,28.44101,27.95994,27.96223,28.28382,28.78774,1010.438,27.29268,81.15702,0.9073165,133.4859,0
"2011-04-06 09:00:00",50974,12.98,28.73,210.9162,317.7666,56.81681,445.8176,486.3794,31.84562,330.0227,62.89708,521.6087,0.2855696,12.01931,28.43835,27.97268,28.03715,28.40029,28.85958,1010.504,27.12342,81.53762,0.8263034,164.7457,0
"2011-04-06 09:10:00",50975,12.94,28.91,203.2418,311.4029,54.39682,438.9966,486.987,31.7884,321.8432,60.0795,511.778,0.2854311,9.892732,28.43558,27.99023,28.10812,28.47336,28.93617,1010.526,27.09492,81.54465,0.9017637,140.5965,0
"2011-04-06 09:20:00",50976,12.92,29.01,188.381,286.6622,51.58541,447.69,486.1231,31.56397,298.873,56.93234,472.3367,0.2853214,7.696569,28.43403,28.00914,28.17314,28.53534,28.9498,1010.48,27.1575,81.22524,0.5386738,135.024,0
"2011-04-06 09:30:00",50977,13.09,29.29,254.7164,372.7,69.24629,458.7061,495.2747,32.55599,385.3353,75.33852,602.1264,0.2851855,7.358319,28.43117,28.03451,28.22797,28.59844,29.11659,1010.395,27.71273,79.21336,0.4717066,132.1445,0
"2011-04-06 09:40:00",50978,13.09,29.66,318.969,463.0981,87.34634,458.3025,498.8403,33.0506,481.3021,95.13602,750.2431,0.2849912,8.461309,28.42867,28.0531,28.28619,28.70062,29.27568,1010.44,27.91344,78.53732,0.7823671,131.0253,0
"2011-04-06 09:50:00",50979,13.02,30.23,480.0606,688.0926,127.7854,458.2924,514.7521,34.59315,714.7596,139.8741,1109.031,0.2848167,9.925913,28.42698,28.08112,28.36027,28.83179,29.59853,1010.292,28.66955,76.06998,0.4844471,114.6852,0
"2011-04-06 10:00:00",50980,13.09,30.96,380.2292,537.0461,95.78272,464.7888,511.1918,35.68856,550.6965,105.507,867.5898,0.2845564,13.16385,28.42541,28.11045,28.44035,29.04451,29.99814,1010.212,29.04572,73.26537,0.7577035,145.5132,0
"2011-04-06 10:10:00",50981,13.09,31.28,199.4787,294.4032,51.32705,461.7919,495.1422,34.49318,306.4669,58.25393,485.4144,0.2844105,14.22393,28.42393,28.13738,28.53838,29.22574,30.02033,1010.167,28.41933,75.15827,0.9929031,141.7142,0
"2011-04-06 10:20:00",50982,13.06,31.4,392.4843,562.2717,103.9342,465.0416,508.992,34.31088,588.9581,114.7588,926.2988,0.2843335,12.59608,28.42153,28.16571,28.62745,29.2897,29.99261,1010.096,28.64237,74.82471,0.9247935,79.592,0
"2011-04-06 10:30:00",50983,13.06,31.72,448.9381,630.8192,112.0228,452.5413,515.9506,35.11254,640.2693,120.7957,1001.902,0.2840883,13.58084,28.42076,28.20325,28.70618,29.39879,30.3536,1010.027,29.15047,70.98042,1.616836,80.58243,0
"2011-04-06 10:40:00",50984,13.02,31.81,256.4835,388.598,70.25779,462.7637,501.5433,33.92101,405.0425,77.71253,640.7767,0.2839369,14.42555,28.41735,28.23067,28.78872,29.53994,30.32765,1010.011,28.80312,71.84551,1.178777,117.4683,0
"2011-04-06 10:50:00",50985,13.06,31.89,356.2447,505.6166,90.65231,454.5432,507.5231,34.29854,516.8488,98.17783,813.0388,0.2838174,13.19469,28.4146,28.26722,28.86798,29.60072,30.43127,1009.997,29.03171,69.82932,1.06281,119.2055,0
"2011-04-06 11:00:00",50986,13.08,32.04,701.3174,967.8329,178.3433,462.8138,529.5599,35.21667,1000.677,193.3409,1552.73,0.2836421,13.73805,28.41273,28.31006,28.94446,29.70412,30.68922,1009.953,29.45787,69.18961,1.568325,85.53777,0
"2011-04-06 11:10:00",50987,13.09,32.38,614.5783,840.1987,150.687,457.6789,527.4853,35.96579,856.8362,161.7514,1335.695,0.2832456,18.29501,28.41264,28.35544,29.03819,29.95788,31.31585,1009.88,29.7437,65.09182,2.444772,79.84597,0
"2011-04-06 11:20:00",50988,13.08,32.58,457.0641,648.4305,115.384,457.9441,519.3979,35.50496,668.8719,126.1162,1046.478,0.283014,19.41107,28.41165,28.39618,29.16617,30.19357,31.37334,1009.755,29.70856,66.90095,1.22794,127.6934,0
"2011-04-06 11:30:00",50989,13.08,32.72,600.3599,848.128,150.8308,456.8951,529.804,35.83086,868.5273,162.4897,1353.847,0.2827926,19.25648,28.4104,28.42861,29.2885,30.34713,31.64003,1009.586,29.80685,65.66264,1.85416,87.15178,0
